   1.7104704e-01   3.7559717e-01   5.8280343e-01   7.7694698e-01   9.6991664e-01   1.1430098e+00   1.2189576e+00   1.3042599e+00
   1.6871488e-01   3.7202061e-01   5.7900127e-01   7.7223025e-01   9.6410252e-01   1.1342137e+00   1.2019511e+00   1.2858197e+00
   1.6629597e-01   3.6831624e-01   5.7489424e-01   7.6720043e-01   9.5740806e-01   1.1246450e+00   1.1843477e+00   1.2664977e+00
   1.6343996e-01   3.6441273e-01   5.7034212e-01   7.6170100e-01   9.5009499e-01   1.1141070e+00   1.1658659e+00   1.2462408e+00
   1.6026816e-01   3.6021623e-01   5.6529384e-01   7.5556134e-01   9.4247210e-01   1.1028192e+00   1.1464460e+00   1.2251009e+00
   1.5718823e-01   3.5565723e-01   5.5982717e-01   7.4880498e-01   9.3440469e-01   1.0910501e+00   1.1262234e+00   1.2032604e+00
   1.5435271e-01   3.5089844e-01   5.5414135e-01   7.4163601e-01   9.2553798e-01   1.0787661e+00   1.1054134e+00   1.1806050e+00
   1.5139872e-01   3.4608619e-01   5.4824285e-01   7.3417603e-01   9.1584259e-01   1.0656952e+00   1.0840924e+00   1.1569104e+00
   1.4798592e-01   3.4106394e-01   5.4190723e-01   7.2627912e-01   9.0562607e-01   1.0516413e+00   1.0619892e+00   1.1321242e+00
   1.4432007e-01   3.3576660e-01   5.3508081e-01   7.1773544e-01   8.9511835e-01   1.0368011e+00   1.0390689e+00   1.1065393e+00
   1.4083245e-01   3.3015046e-01   5.2793075e-01   7.0861419e-01   8.8416361e-01   1.0214838e+00   1.0154083e+00   1.0805392e+00
   1.3756580e-01   3.2433944e-01   5.2058085e-01   6.9914584e-01   8.7247086e-01   1.0056901e+00   9.9115200e-01   1.0539948e+00
   1.3415758e-01   3.1844342e-01   5.1298011e-01   6.8943677e-01   8.5997714e-01   9.8920408e-01   9.6639957e-01   1.0265170e+00
   1.3031012e-01   3.1233332e-01   5.0499225e-01   6.7930524e-01   8.4692052e-01   9.7175086e-01   9.4099305e-01   9.9792631e-01
   1.2621866e-01   3.0595195e-01   4.9657957e-01   6.6856851e-01   8.3362125e-01   9.5352150e-01   9.1488344e-01   9.6862659e-01
   1.2222486e-01   2.9930768e-01   4.8784176e-01   6.5730316e-01   8.1989993e-01   9.3495283e-01   8.8815267e-01   9.3908673e-01
   1.1844726e-01   2.9252666e-01   4.7890547e-01   6.4571547e-01   8.0540678e-01   9.1600795e-01   8.6098079e-01   9.0896191e-01
   1.1461317e-01   2.8566750e-01   4.6975743e-01   6.3389466e-01   7.9016070e-01   8.9633164e-01   8.3338726e-01   8.7790876e-01
   1.1040469e-01   2.7859811e-01   4.6019485e-01   6.2165875e-01   7.7437050e-01   8.7569662e-01   8.0514745e-01   8.4598219e-01
   1.0594594e-01   2.7124398e-01   4.5019705e-01   6.0890070e-01   7.5836329e-01   8.5438878e-01   7.7623534e-01   8.1364819e-01
   1.0158668e-01   2.6366941e-01   4.3998291e-01   5.9563066e-01   7.4204890e-01   8.3279872e-01   7.4684863e-01   7.8127100e-01
   9.7496039e-02   2.5601849e-01   4.2966734e-01   5.8203580e-01   7.2505664e-01   8.1086465e-01   7.1711236e-01   7.4849188e-01
   9.3339431e-02   2.4833130e-01   4.1910678e-01   5.6828362e-01   7.0737792e-01   7.8831799e-01   6.8697469e-01   7.1483494e-01
   8.8787100e-02   2.4048289e-01   4.0816606e-01   5.5421672e-01   6.8928250e-01   7.6497086e-01   6.5630349e-01   6.8029763e-01
   8.4019117e-02   2.3235480e-01   3.9691496e-01   5.3965406e-01   6.7106788e-01   7.4102427e-01   6.2514383e-01   6.4548980e-01
   7.9427744e-02   2.2398602e-01   3.8547136e-01   5.2459799e-01   6.5252470e-01   7.1680886e-01   5.9355888e-01   6.1073652e-01
   7.5062921e-02   2.1558641e-01   3.7388129e-01   5.0928155e-01   6.3327996e-01   6.9229068e-01   5.6165519e-01   5.7573943e-01
   7.0615115e-02   2.0719784e-01   3.6203923e-01   4.9381716e-01   6.1342042e-01   6.6726355e-01   5.2954580e-01   5.3999888e-01
   6.5831254e-02   1.9864375e-01   3.4989984e-01   4.7805336e-01   5.9321544e-01   6.4156653e-01   4.9703130e-01   5.0341676e-01
   6.0835533e-02   1.8985645e-01   3.3746350e-01   4.6186841e-01   5.7288667e-01   6.1536235e-01   4.6407998e-01   4.6673653e-01
   5.5989231e-02   1.8084747e-01   3.2483271e-01   4.4527806e-01   5.5230913e-01   5.8899363e-01   4.3077839e-01   4.3027374e-01
   5.1426805e-02   1.7178835e-01   3.1209912e-01   4.2847544e-01   5.3119531e-01   5.6243215e-01   3.9723425e-01   3.9365465e-01
   4.6853867e-02   1.6273044e-01   2.9920790e-01   4.1155778e-01   5.0951235e-01   5.3547492e-01   3.6361115e-01   3.5651575e-01
   4.1915941e-02   1.5352891e-01   2.8598811e-01   3.9441996e-01   4.8754961e-01   5.0795228e-01   3.2971280e-01   3.1877028e-01
   3.6774029e-02   1.4420793e-01   2.7249752e-01   3.7688655e-01   4.6565085e-01   4.7993037e-01   2.9541552e-01   2.8079640e-01
   3.1786264e-02   1.3475742e-01   2.5894126e-01   3.5897814e-01   4.4359713e-01   4.5186793e-01   2.6089521e-01   2.4280348e-01
   2.7051306e-02   1.2524267e-01   2.4534476e-01   3.4096899e-01   4.2100795e-01   4.2381560e-01   2.2634999e-01   2.0479299e-01
   2.2297127e-02   1.1576538e-01   2.3159862e-01   3.2293697e-01   3.9792552e-01   3.9538746e-01   1.9177862e-01   1.6656616e-01
   1.7182090e-02   1.0620619e-01   2.1754276e-01   3.0471390e-01   3.7461029e-01   3.6643549e-01   1.5698771e-01   1.2787736e-01
   1.1846636e-02   9.6524570e-02   2.0326820e-01   2.8613023e-01   3.5132925e-01   3.3720981e-01   1.2193059e-01   8.9090451e-02
   6.7060938e-03   8.6672574e-02   1.8895515e-01   2.6719909e-01   3.2800729e-01   3.0805347e-01   8.6800624e-02   5.0550270e-02
   1.9585506e-03   7.6794399e-02   1.7470887e-01   2.4820865e-01   3.0427252e-01   2.7888007e-01   5.1771614e-02   1.2058776e-02
  -2.7502008e-03   6.7021122e-02   1.6039296e-01   2.2925438e-01   2.8008314e-01   2.4942521e-01   1.6756734e-02  -2.6455779e-02
  -7.8337503e-03   5.7138573e-02   1.4580450e-01   2.1015199e-01   2.5572251e-01   2.1960356e-01  -1.8393551e-02  -6.5035494e-02
  -1.3147711e-02   4.7175105e-02   1.3103551e-01   1.9080205e-01   2.3152448e-01   1.8955409e-01  -5.3672541e-02  -1.0354053e-01
  -1.8268180e-02   3.7179091e-02   1.1626813e-01   1.7121808e-01   2.0738920e-01   1.5961909e-01  -8.8927567e-02  -1.4167768e-01
  -2.2999478e-02   2.7199017e-02   1.0153565e-01   1.5160228e-01   1.8289502e-01   1.2986754e-01  -1.2393582e-01  -1.7965413e-01
  -2.7698235e-02   1.7297870e-02   8.6733927e-02   1.3208876e-01   1.5801660e-01   9.9970409e-02  -1.5875957e-01  -2.1765364e-01
  -3.2702395e-02   7.3669252e-03   7.1718791e-02   1.1251139e-01   1.3310241e-01   6.9706122e-02  -1.9359352e-01  -2.5573551e-01
  -3.7881663e-02  -2.6625740e-03   5.6561400e-02   9.2668128e-02   1.0841173e-01   3.9272062e-02  -2.2844058e-01  -2.9365558e-01
  -4.2889667e-02  -1.2778283e-02   4.1460628e-02   7.2652673e-02   8.3772335e-02   9.0851857e-03  -2.6320796e-01  -3.3112980e-01
  -4.7525264e-02  -2.2810920e-02   2.6467823e-02   5.2679247e-02   5.8837088e-02  -2.0845957e-02  -2.9764757e-01  -3.6836351e-01
  -5.2122420e-02  -3.2681445e-02   1.1519795e-02   3.2843267e-02   3.3566590e-02  -5.0774299e-02  -3.3176086e-01  -4.0547349e-01
  -5.7023844e-02  -4.2551099e-02  -3.5629985e-03   1.3074166e-02   8.3401085e-03  -8.0967323e-02  -3.6578770e-01  -4.4246889e-01
  -6.2067532e-02  -5.2511338e-02  -1.8794987e-02  -6.8379006e-03  -1.6511071e-02  -1.1126981e-01  -3.9972392e-01  -4.7907005e-01
  -6.6866736e-02  -6.2539875e-02  -3.3924046e-02  -2.6974288e-02  -4.1206084e-02  -1.4120648e-01  -4.3344324e-01  -5.1510492e-01
  -7.1257047e-02  -7.2497640e-02  -4.8817471e-02  -4.7060722e-02  -6.6144714e-02  -1.7084653e-01  -4.6676187e-01  -5.5080923e-01
  -7.5629642e-02  -8.2307265e-02  -6.3677526e-02  -6.6854375e-02  -9.1270832e-02  -2.0045741e-01  -4.9966016e-01  -5.8621264e-01
  -8.0328365e-02  -9.2041605e-02  -7.8688585e-02  -8.6529822e-02  -1.1627971e-01  -2.3016094e-01  -5.3224933e-01  -6.2128732e-01
  -8.5144450e-02  -1.0174929e-01  -9.3750078e-02  -1.0634434e-01  -1.4093299e-01  -2.5981947e-01  -5.6466871e-01  -6.5581988e-01
  -8.9670257e-02  -1.1149086e-01  -1.0864518e-01  -1.2624031e-01  -1.6527708e-01  -2.8906064e-01  -5.9683032e-01  -6.8967302e-01
  -9.3838981e-02  -1.2109960e-01  -1.2329410e-01  -1.4597645e-01  -1.8971560e-01  -3.1786838e-01  -6.2844798e-01  -7.2318976e-01
  -9.7992196e-02  -1.3049859e-01  -1.3784040e-01  -1.6542208e-01  -2.1438616e-01  -3.4657269e-01  -6.5957901e-01  -7.5652859e-01
  -1.0238520e-01  -1.3982991e-01  -1.5247591e-01  -1.8474911e-01  -2.3890511e-01  -3.7528451e-01  -6.9036704e-01  -7.8956176e-01
  -1.0689872e-01  -1.4913369e-01  -1.6715770e-01  -2.0416879e-01  -2.6292661e-01  -4.0381436e-01  -7.2083044e-01  -8.2197043e-01
  -1.1112504e-01  -1.5844136e-01  -1.8167262e-01  -2.2357409e-01  -2.8660841e-01  -4.3188866e-01  -7.5085762e-01  -8.5358658e-01
  -1.1491063e-01  -1.6762498e-01  -1.9589645e-01  -2.4275330e-01  -3.1039018e-01  -4.5944593e-01  -7.8026910e-01  -8.8467157e-01
  -1.1868598e-01  -1.7661997e-01  -2.0994208e-01  -2.6158797e-01  -3.3426835e-01  -4.8672989e-01  -8.0911441e-01  -9.1544762e-01
  -1.2279167e-01  -1.8552142e-01  -2.2404720e-01  -2.8021096e-01  -3.5783196e-01  -5.1394245e-01  -8.3749845e-01  -9.4595314e-01
  -1.2695869e-01  -1.9432095e-01  -2.3813632e-01  -2.9886359e-01  -3.8081620e-01  -5.4096985e-01  -8.6548865e-01  -9.7590335e-01
  -1.3084022e-01  -2.0308143e-01  -2.5200613e-01  -3.1746012e-01  -4.0339371e-01  -5.6744625e-01  -8.9298873e-01  -1.0053810e+00
  -1.3434722e-01  -2.1171003e-01  -2.6557029e-01  -3.3573628e-01  -4.2592782e-01  -5.9331820e-01  -9.1973822e-01  -1.0346635e+00
  -1.3777863e-01  -2.2003808e-01  -2.7888329e-01  -3.5358322e-01  -4.4849715e-01  -6.1889320e-01  -9.4585439e-01  -1.0637494e+00
  -1.4146380e-01  -2.2823394e-01  -2.9212217e-01  -3.7116755e-01  -4.7076895e-01  -6.4434915e-01  -9.7148073e-01  -1.0928101e+00
  -1.4521237e-01  -2.3636134e-01  -3.0534109e-01  -3.8869519e-01  -4.9242980e-01  -6.6956311e-01  -9.9664404e-01  -1.1216446e+00
  -1.4868749e-01  -2.4441884e-01  -3.1835723e-01  -4.0612180e-01  -5.1360349e-01  -6.9412851e-01  -1.0212595e+00  -1.1500255e+00
  -1.5173737e-01  -2.5235864e-01  -3.3099476e-01  -4.2323971e-01  -5.3465623e-01  -7.1800151e-01  -1.0450398e+00  -1.1782816e+00
  -1.5465162e-01  -2.6004494e-01  -3.4336135e-01  -4.3989900e-01  -5.5571231e-01  -7.4153663e-01  -1.0680444e+00  -1.2065845e+00
  -1.5781080e-01  -2.6750580e-01  -3.5564808e-01  -4.5622242e-01  -5.7637771e-01  -7.6481883e-01  -1.0904412e+00  -1.2347560e+00
  -1.6111048e-01  -2.7486180e-01  -3.6784778e-01  -4.7241200e-01  -5.9628658e-01  -7.8773304e-01  -1.1122476e+00  -1.2623891e+00
  -1.6412137e-01  -2.8217164e-01  -3.7977747e-01  -4.8852018e-01  -6.1571589e-01  -8.0998745e-01  -1.1333884e+00  -1.2892655e+00
  -1.6668725e-01  -2.8921861e-01  -3.9131777e-01  -5.0431302e-01  -6.3501953e-01  -8.3151559e-01  -1.1536236e+00  -1.3153172e+00
  -1.6918605e-01  -2.9593696e-01  -4.0256896e-01  -5.1952247e-01  -6.5421559e-01  -8.5258724e-01  -1.1729713e+00  -1.3401740e+00
  -1.7187091e-01  -3.0251690e-01  -4.1366225e-01  -5.3429449e-01  -6.7297234e-01  -8.7334550e-01  -1.1917287e+00  -1.3636007e+00
  -1.7462682e-01  -3.0897383e-01  -4.2458692e-01  -5.4892828e-01  -6.9095663e-01  -8.9372065e-01  -1.2099001e+00  -1.3853727e+00
  -1.7705809e-01  -3.1529122e-01  -4.3522745e-01  -5.6340761e-01  -7.0834281e-01  -9.1330914e-01  -1.2273582e+00  -1.4052717e+00
  -1.7900983e-01  -3.2136644e-01  -4.4541855e-01  -5.7746077e-01  -7.2554718e-01  -9.3210510e-01  -1.2439059e+00  -1.4234790e+00
  -1.8088174e-01  -3.2711317e-01  -4.5524696e-01  -5.9097854e-01  -7.4262474e-01  -9.5048861e-01  -1.2595329e+00  -1.4403642e+00
  -1.8300058e-01  -3.3270025e-01  -4.6497203e-01  -6.0405852e-01  -7.5916804e-01  -9.6852921e-01  -1.2744692e+00  -1.4562467e+00
  -1.8521284e-01  -3.3813302e-01  -4.7452739e-01  -6.1690532e-01  -7.7491201e-01  -9.8603819e-01  -1.2887481e+00  -1.4707276e+00
  -1.8707694e-01  -3.4343613e-01  -4.8371061e-01  -6.2953525e-01  -7.9001174e-01  -1.0027499e+00  -1.3022917e+00  -1.4826501e+00
  -1.8844019e-01  -3.4854042e-01  -4.9244499e-01  -6.4168145e-01  -8.0481395e-01  -1.0186848e+00  -1.3148235e+00  -1.4912758e+00
  -1.8976326e-01  -3.5326362e-01  -5.0083265e-01  -6.5324784e-01  -8.1948484e-01  -1.0340184e+00  -1.3263786e+00  -1.4967677e+00
  -1.9135752e-01  -3.5770446e-01  -5.0902307e-01  -6.6436585e-01  -8.3365337e-01  -1.0489337e+00  -1.3372527e+00  -1.4998583e+00
  -1.9296948e-01  -3.6197449e-01  -5.1698724e-01  -6.7523844e-01  -8.4689812e-01  -1.0633495e+00  -1.3474563e+00  -1.5012737e+00
  -1.9423987e-01  -3.6613368e-01  -5.2459765e-01  -6.8584870e-01  -8.5942079e-01  -1.0768764e+00  -1.3568081e+00  -1.5016262e+00
  -1.9501907e-01  -3.7003819e-01  -5.3174084e-01  -6.9591459e-01  -8.7161841e-01  -1.0895163e+00  -1.3651002e+00  -1.5014698e+00
  -1.9569314e-01  -3.7361090e-01  -5.3853107e-01  -7.0534322e-01  -8.8359395e-01  -1.1015738e+00  -1.3723918e+00  -1.5010011e+00
  -1.9664942e-01  -3.7698982e-01  -5.4506164e-01  -7.1430318e-01  -8.9500664e-01  -1.1132133e+00  -1.3788512e+00  -1.5002843e+00
  -1.9767494e-01  -3.8015699e-01  -5.5135132e-01  -7.2296478e-01  -9.0553636e-01  -1.1242189e+00  -1.3844573e+00  -1.4992981e+00
  -1.9829739e-01  -3.8314222e-01  -5.5730153e-01  -7.3130552e-01  -9.1539840e-01  -1.1343173e+00  -1.3891016e+00  -1.4980665e+00
  -1.9846598e-01  -3.8588967e-01  -5.6267786e-01  -7.3907872e-01  -9.2487353e-01  -1.1435424e+00  -1.3925487e+00  -1.4967186e+00
  -1.9859729e-01  -3.8823399e-01  -5.6763951e-01  -7.4617156e-01  -9.3403660e-01  -1.1520705e+00  -1.3947898e+00  -1.4951862e+00
  -1.9887248e-01  -3.9030333e-01  -5.7237060e-01  -7.5274242e-01  -9.4263223e-01  -1.1601136e+00  -1.3960150e+00  -1.4934411e+00
  -1.9918459e-01  -3.9219205e-01  -5.7686238e-01  -7.5900544e-01  -9.5029862e-01  -1.1675195e+00  -1.3961961e+00  -1.4913915e+00
  -1.9917828e-01  -3.9392034e-01  -5.8102672e-01  -7.6500232e-01  -9.5719617e-01  -1.1739169e+00  -1.3953578e+00  -1.4889922e+00
  -1.9874338e-01  -3.9542902e-01  -5.8464675e-01  -7.7046669e-01  -9.6367830e-01  -1.1793549e+00  -1.3935430e+00  -1.4863096e+00
  -1.9826383e-01  -3.9657412e-01  -5.8779376e-01  -7.7518522e-01  -9.6979041e-01  -1.1841153e+00  -1.3908642e+00  -1.4832984e+00
  -1.9795720e-01  -3.9746035e-01  -5.9066732e-01  -7.7936033e-01  -9.7527602e-01  -1.1883446e+00  -1.3875952e+00  -1.4799012e+00
  -1.9771021e-01  -3.9815118e-01  -5.9329203e-01  -7.8320675e-01  -9.7986898e-01  -1.1919266e+00  -1.3837727e+00  -1.4759488e+00
  -1.9712734e-01  -3.9868417e-01  -5.9553625e-01  -7.8673531e-01  -9.8373315e-01  -1.1945125e+00  -1.3792799e+00  -1.4713986e+00
  -1.9607243e-01  -3.9895900e-01  -5.9724425e-01  -7.8971538e-01  -9.8717365e-01  -1.1960851e+00  -1.3739706e+00  -1.4662846e+00
  -1.9489418e-01  -3.9882683e-01  -5.9851800e-01  -7.9198575e-01  -9.9024482e-01  -1.1969447e+00  -1.3678340e+00  -1.4605096e+00
  -1.9392561e-01  -3.9840688e-01  -5.9952014e-01  -7.9372319e-01  -9.9266507e-01  -1.1971621e+00  -1.3610553e+00  -1.4540647e+00
  -1.9305834e-01  -3.9781845e-01  -6.0028672e-01  -7.9510342e-01  -9.9414282e-01  -1.1965781e+00  -1.3536355e+00  -1.4469110e+00
  -1.9185527e-01  -3.9709217e-01  -6.0071764e-01  -7.9612132e-01  -9.9486070e-01  -1.1950582e+00  -1.3455128e+00  -1.4389049e+00
  -1.9020067e-01  -3.9607682e-01  -6.0058621e-01  -7.9656270e-01  -9.9516615e-01  -1.1926938e+00  -1.3365263e+00  -1.4299125e+00
  -1.8845555e-01  -3.9464838e-01  -5.9997487e-01  -7.9628946e-01  -9.9508074e-01  -1.1897307e+00  -1.3265516e+00  -1.4199234e+00
  -1.8688236e-01  -3.9297483e-01  -5.9915100e-01  -7.9543298e-01  -9.9425569e-01  -1.1863466e+00  -1.3158353e+00  -1.4090824e+00
  -1.8534901e-01  -3.9117826e-01  -5.9803293e-01  -7.9423744e-01  -9.9249196e-01  -1.1823290e+00  -1.3044978e+00  -1.3974731e+00
  -1.8349474e-01  -3.8918360e-01  -5.9647288e-01  -7.9275691e-01  -9.8998601e-01  -1.1773440e+00  -1.2923963e+00  -1.3849743e+00
  -1.8121049e-01  -3.8690215e-01  -5.9445322e-01  -7.9068563e-01  -9.8704267e-01  -1.1715638e+00  -1.2793151e+00  -1.3714512e+00
  -1.7885513e-01  -3.8427228e-01  -5.9199743e-01  -7.8785198e-01  -9.8374688e-01  -1.1652598e+00  -1.2652552e+00  -1.3569109e+00
  -1.7674778e-01  -3.8132552e-01  -5.8926098e-01  -7.8447903e-01  -9.7984863e-01  -1.1585202e+00  -1.2505223e+00  -1.3414634e+00
  -1.7469316e-01  -3.7824137e-01  -5.8627193e-01  -7.8077741e-01  -9.7504814e-01  -1.1511431e+00  -1.2351813e+00  -1.3250547e+00
  -1.7228285e-01  -3.7505997e-01  -5.8287275e-01  -7.7677765e-01  -9.6949165e-01  -1.1428286e+00  -1.2190943e+00  -1.3077162e+00
  -1.6944351e-01  -3.7160363e-01  -5.7900988e-01  -7.7225327e-01  -9.6353952e-01  -1.1336513e+00  -1.2020538e+00  -1.2894699e+00
  -1.6652148e-01  -3.6773963e-01  -5.7470092e-01  -7.6700168e-01  -9.5721717e-01  -1.1238657e+00  -1.1840572e+00  -1.2703483e+00
  -1.6379567e-01  -3.6362814e-01  -5.7006461e-01  -7.6122935e-01  -9.5026699e-01  -1.1136900e+00  -1.1654274e+00  -1.2504964e+00
  -1.6115501e-01  -3.5940760e-01  -5.6519632e-01  -7.5513777e-01  -9.4248391e-01  -1.1029021e+00  -1.1462199e+00  -1.2297078e+00
  -1.5821325e-01  -3.5506121e-01  -5.5993442e-01  -7.4869334e-01  -9.3392526e-01  -1.0911295e+00  -1.1262868e+00  -1.2077869e+00
  -1.5483819e-01  -3.5046211e-01  -5.5421193e-01  -7.4170596e-01  -9.2492903e-01  -1.0784157e+00  -1.1054673e+00  -1.1848781e+00
  -1.5141251e-01  -3.4548369e-01  -5.4808876e-01  -7.3405534e-01  -9.1564449e-01  -1.0650664e+00  -1.0838210e+00  -1.1613180e+00
  -1.4824501e-01  -3.4029652e-01  -5.4171304e-01  -7.2592144e-01  -9.0575894e-01  -1.0513776e+00  -1.0616183e+00  -1.1371591e+00
  -1.4513615e-01  -3.3499608e-01  -5.3512211e-01  -7.1751576e-01  -8.9500160e-01  -1.0371126e+00  -1.0388539e+00  -1.1120466e+00
  -1.4167237e-01  -3.2960989e-01  -5.2815270e-01  -7.0875890e-01  -8.8351131e-01  -1.0218538e+00  -1.0154440e+00  -1.0858458e+00
  -1.3785964e-01  -3.2397236e-01  -5.2075152e-01  -6.9948403e-01  -8.7169411e-01  -1.0056908e+00  -9.9124774e-01  -1.0588477e+00
  -1.3404201e-01  -3.1793302e-01  -5.1298821e-01  -6.8964040e-01  -8.5957856e-01  -9.8898007e-01  -9.6631104e-01  -1.0314282e+00
  -1.3041756e-01  -3.1169656e-01  -5.0503583e-01  -6.7927795e-01  -8.4687134e-01  -9.7192708e-01  -9.4089252e-01  -1.0036365e+00
  -1.2686631e-01  -3.0540209e-01  -4.9684991e-01  -6.6863744e-01  -8.3327720e-01  -9.5427446e-01  -9.1496247e-01  -9.7501899e-01
  -1.2302247e-01  -2.9899388e-01  -4.8831099e-01  -6.5773660e-01  -8.1898568e-01  -9.3572288e-01  -8.8842052e-01  -9.4537428e-01
  -1.1874797e-01  -2.9231635e-01  -4.7936194e-01  -6.4632114e-01  -8.0442222e-01  -9.1632492e-01  -8.6116629e-01  -9.1500332e-01
  -1.1439467e-01  -2.8535023e-01  -4.7002500e-01  -6.3431079e-01  -7.8960278e-01  -8.9634541e-01  -8.3327846e-01  -8.8424213e-01
  -1.1030883e-01  -2.7824138e-01  -4.6048158e-01  -6.2185874e-01  -7.7426523e-01  -8.7607835e-01  -8.0500932e-01  -8.5322763e-01
  -1.0635905e-01  -2.7099321e-01  -4.5075054e-01  -6.0912392e-01  -7.5811205e-01  -8.5534745e-01  -7.7631503e-01  -8.2158826e-01
  -1.0215776e-01  -2.6361485e-01  -4.4068742e-01  -5.9616381e-01  -7.4130886e-01  -8.3378400e-01  -7.4704803e-01  -7.8893528e-01
  -9.7578223e-02  -2.5607363e-01  -4.3021879e-01  -5.8277326e-01  -7.2424453e-01  -8.1144034e-01  -7.1716606e-01  -7.5555091e-01
  -9.2920079e-02  -2.4821823e-01  -4.1945709e-01  -5.6880550e-01  -7.0692858e-01  -7.8862070e-01  -6.8676185e-01  -7.2187771e-01
  -8.8519171e-02  -2.4021033e-01  -4.0857173e-01  -5.5445257e-01  -6.8916375e-01  -7.6556494e-01  -6.5604349e-01  -6.8795267e-01
  -8.4240370e-02  -2.3218181e-01  -3.9751001e-01  -5.3989992e-01  -6.7071129e-01  -7.4209296e-01  -6.2506736e-01  -6.5340130e-01
  -7.9709632e-02  -2.2405712e-01  -3.8608358e-01  -5.2511335e-01  -6.5164669e-01  -7.1786144e-01  -5.9368145e-01  -6.1801678e-01
  -7.4865886e-02  -2.1575213e-01  -3.7428716e-01  -5.0993578e-01  -6.3237791e-01  -6.9299317e-01  -5.6170265e-01  -5.8202826e-01
  -6.9991388e-02  -2.0719120e-01  -3.6228523e-01  -4.9427556e-01  -6.1294809e-01  -6.6773728e-01  -5.2927065e-01  -5.4587062e-01
  -6.5366621e-02  -1.9849520e-01  -3.5020335e-01  -4.7826601e-01  -5.9313468e-01  -6.4231009e-01  -4.9664119e-01  -5.0981108e-01
  -6.0931968e-02  -1.8975047e-01  -3.3797694e-01  -4.6211762e-01  -5.7267868e-01  -6.1660800e-01  -4.6385026e-01  -4.7335657e-01
  -5.6229216e-02  -1.8098205e-01  -3.2546309e-01  -4.4583898e-01  -5.5166332e-01  -5.9020442e-01  -4.3071997e-01  -4.3610075e-01
  -5.1128385e-02  -1.7207351e-01  -3.1259284e-01  -4.2920714e-01  -5.3049747e-01  -5.6318062e-01  -3.9708769e-01  -3.9820908e-01
  -4.6073466e-02  -1.6285781e-01  -2.9947523e-01  -4.1208381e-01  -5.0918415e-01  -5.3595173e-01  -3.6315306e-01  -3.6023030e-01
  -4.1328864e-02  -1.5355436e-01  -2.8631711e-01  -3.9468399e-01  -4.8756494e-01  -5.0868948e-01  -3.2913780e-01  -3.2250995e-01
  -3.6734147e-02  -1.4432128e-01  -2.7312477e-01  -3.7722942e-01  -4.6543643e-01  -4.8114698e-01  -2.9502159e-01  -2.8460510e-01
  -3.1868524e-02  -1.3509111e-01  -2.5967018e-01  -3.5967686e-01  -4.4277008e-01  -4.5305585e-01  -2.6067667e-01  -2.4617094e-01
  -2.6613930e-02  -1.2570150e-01  -2.4588541e-01  -3.4180989e-01  -4.2005583e-01  -4.2451993e-01  -2.2600792e-01  -2.0720928e-01
  -2.1386913e-02  -1.1609218e-01  -2.3196526e-01  -3.2354374e-01  -3.9736169e-01  -3.9581992e-01  -1.9112415e-01  -1.6817148e-01
  -1.6464313e-02  -1.0643504e-01  -2.1802482e-01  -3.0502957e-01  -3.7438534e-01  -3.6717346e-01  -1.5624533e-01  -1.2953781e-01
  -1.1690363e-02  -9.6790032e-02  -2.0402517e-01  -2.8649661e-01  -3.5086415e-01  -3.3837727e-01  -1.2138516e-01  -9.0908538e-02
  -6.7548604e-03  -8.7137608e-02  -1.8979772e-01  -2.6794075e-01  -3.2691764e-01  -3.0911724e-01  -8.6446475e-02  -5.1756895e-02
  -1.5433536e-03  -7.7387523e-02  -1.7533719e-01  -2.4910038e-01  -3.0304065e-01  -2.7946001e-01  -5.1324091e-02  -1.2282022e-02
   3.6536292e-03  -6.7452217e-02  -1.6078453e-01  -2.2991875e-01  -2.7929053e-01  -2.4969438e-01  -1.6073805e-02   2.7069855e-02
   8.5560557e-03  -5.7454361e-02  -1.4624486e-01  -2.1061233e-01  -2.5538400e-01  -2.2013860e-01   1.9107432e-02   6.6088984e-02
   1.3288825e-02  -4.7530667e-02  -1.3169164e-01  -1.9135796e-01  -2.3099722e-01  -1.9057566e-01   5.4168705e-02   1.0488335e-01
   1.8179251e-02  -3.7700167e-02  -1.1699467e-01  -1.7205601e-01  -2.0623111e-01  -1.6059733e-01   8.9176881e-02   1.4380767e-01
   2.3387298e-02  -2.7738705e-02  -1.0204834e-01  -1.5250702e-01  -1.8161225e-01  -1.3031089e-01   1.2425993e-01   1.8289379e-01
   2.8594309e-02  -1.7646006e-02  -8.6967417e-02  -1.3268024e-01  -1.5723046e-01  -1.0008134e-01   1.5933060e-01   2.2173282e-01
   3.3441882e-02  -7.6321179e-03  -7.2038044e-02  -1.1277370e-01  -1.3272557e-01  -7.0121527e-02   1.9420221e-01   2.6004582e-01
   3.8089965e-02   2.3272369e-03  -5.7219776e-02  -9.2949181e-02  -1.0782773e-01  -4.0207512e-02   2.2881080e-01   2.9823765e-01
   4.2897560e-02   1.2229196e-02  -4.2280096e-02  -7.3236456e-02  -8.2696437e-02  -1.0004882e-02   2.6328748e-01   3.3655980e-01
   4.8000780e-02   2.2200598e-02  -2.7064909e-02  -5.3424993e-02  -5.7767212e-02   2.0403459e-02   2.9779206e-01   3.7463999e-01
   5.3059326e-02   3.2296137e-02  -1.1790791e-02  -3.3370957e-02  -3.3065850e-02   5.0699833e-02   3.3222067e-01   4.1224576e-01
   5.7707192e-02   4.2332562e-02   3.2752714e-03  -1.3294681e-02  -8.3188714e-03   8.0657900e-02   3.6637097e-01   4.4929952e-01
   6.2158591e-02   5.2257791e-02   1.8242917e-02   6.6854214e-03   1.6739164e-02   1.1044925e-01   4.0012328e-01   4.8614388e-01
   6.6789826e-02   6.2044178e-02   3.3279112e-02   2.6504236e-02   4.1977227e-02   1.4038768e-01   4.3361186e-01   5.2295018e-01
   7.1717072e-02   7.1849529e-02   4.8440797e-02   4.6324975e-02   6.6952105e-02   1.7045477e-01   4.6695344e-01   5.5939518e-01
   7.6571882e-02   8.1725126e-02   6.3588121e-02   6.6373675e-02   9.1539608e-02   2.0034634e-01   5.0004126e-01   5.9537601e-01
   8.1031939e-02   9.1487236e-02   7.8559041e-02   8.6428077e-02   1.1604039e-01   2.2979756e-01   5.3274771e-01   6.3077701e-01
   8.5312980e-02   1.0116740e-01   9.3384157e-02   1.0626274e-01   1.4082520e-01   2.5899361e-01   5.6496404e-01   6.6571091e-01
   8.9744858e-02   1.1069257e-01   1.0819235e-01   1.2587620e-01   1.6573191e-01   2.8824222e-01   5.9680321e-01   7.0035965e-01
   9.4430579e-02   1.2016312e-01   1.2312321e-01   1.4546664e-01   1.9029311e-01   3.1748897e-01   6.2850706e-01   7.3449335e-01
   9.9020398e-02   1.2973417e-01   1.3801085e-01   1.6516118e-01   2.1438785e-01   3.4648476e-01   6.5989916e-01   7.6793226e-01
   1.0321282e-01   1.3925130e-01   1.5264786e-01   1.8482270e-01   2.3835419e-01   3.7499615e-01   6.9071300e-01   8.0072398e-01
   1.0720324e-01   1.4861349e-01   1.6711559e-01   2.0424187e-01   2.6255963e-01   4.0309002e-01   7.2096549e-01   8.3305191e-01
   1.1129346e-01   1.5778148e-01   1.8150343e-01   2.2338468e-01   2.8680290e-01   4.3113299e-01   7.5073020e-01   8.6488528e-01
   1.1564648e-01   1.6689604e-01   1.9597004e-01   2.4246414e-01   3.1056647e-01   4.5915850e-01   7.8014390e-01   8.9608757e-01
   1.1995206e-01   1.7605279e-01   2.1041832e-01   2.6156850e-01   3.3380484e-01   4.8683362e-01   8.0919152e-01   9.2679312e-01
   1.2380109e-01   1.8509479e-01   2.2453258e-01   2.8049011e-01   3.5691312e-01   5.1390821e-01   8.3767895e-01   9.5697813e-01
   1.2733764e-01   1.9390262e-01   2.3831045e-01   2.9903868e-01   3.8017452e-01   5.4052215e-01   8.6547341e-01   9.8667408e-01
   1.3098190e-01   2.0245355e-01   2.5201574e-01   3.1730259e-01   4.0330954e-01   5.6704224e-01   8.9266820e-01   1.0161434e+00
   1.3488089e-01   2.1095397e-01   2.6574410e-01   3.3549199e-01   4.2597432e-01   5.9344982e-01   9.1951017e-01   1.0453375e+00
   1.3866696e-01   2.1949422e-01   2.7937985e-01   3.5365121e-01   4.4810975e-01   6.1942481e-01   9.4590229e-01   1.0741165e+00
   1.4208165e-01   2.2786696e-01   2.9270368e-01   3.7157415e-01   4.6996613e-01   6.4475029e-01   9.7156867e-01   1.1024456e+00
   1.4524857e-01   2.3601627e-01   3.0564084e-01   3.8912669e-01   4.9182503e-01   6.6950815e-01   9.9643246e-01   1.1305020e+00
   1.4850854e-01   2.4397173e-01   3.1842980e-01   4.0630366e-01   5.1355631e-01   6.9406263e-01   1.0206468e+00   1.1583306e+00
   1.5203960e-01   2.5179789e-01   3.3121925e-01   4.2327605e-01   5.3476436e-01   7.1844686e-01   1.0444181e+00   1.1857040e+00
   1.5547515e-01   2.5959818e-01   3.4390631e-01   4.4023017e-01   5.5529900e-01   7.4229996e-01   1.0676759e+00   1.2127756e+00
   1.5846498e-01   2.6725822e-01   3.5622658e-01   4.5694373e-01   5.7551234e-01   7.6539352e-01   1.0901573e+00   1.2397510e+00
   1.6112339e-01   2.7461984e-01   3.6816278e-01   4.7312435e-01   5.9571610e-01   7.8789479e-01   1.1117586e+00   1.2664098e+00
   1.6388065e-01   2.8170672e-01   3.7993283e-01   4.8883079e-01   6.1571994e-01   8.1013750e-01   1.1325937e+00   1.2922193e+00
   1.6691732e-01   2.8868819e-01   3.9164826e-01   5.0434866e-01   6.3508217e-01   8.3211266e-01   1.1528730e+00   1.3169544e+00
   1.6978420e-01   2.9563245e-01   4.0314778e-01   5.1979352e-01   6.5374874e-01   8.5347454e-01   1.1725605e+00   1.3406155e+00
   1.7222472e-01   3.0239910e-01   4.1420017e-01   5.3498509e-01   6.7205067e-01   8.7406740e-01   1.1914276e+00   1.3629540e+00
   1.7443036e-01   3.0888049e-01   4.2487935e-01   5.4969917e-01   6.9026541e-01   8.9401929e-01   1.2094181e+00   1.3837781e+00
   1.7665983e-01   3.1503509e-01   4.3533648e-01   5.6387673e-01   7.0823122e-01   9.1363853e-01   1.2266274e+00   1.4030480e+00
   1.7908241e-01   3.2099469e-01   4.4565993e-01   5.7771536e-01   7.2552553e-01   9.3295966e-01   1.2432273e+00   1.4210494e+00
   1.8140862e-01   3.2692710e-01   4.5582131e-01   5.9140397e-01   7.4201308e-01   9.5157756e-01   1.2591406e+00   1.4381050e+00
   1.8331660e-01   3.3269715e-01   4.6554241e-01   6.0478444e-01   7.5805895e-01   9.6938169e-01   1.2741672e+00   1.4541407e+00
   1.8490920e-01   3.3817513e-01   4.7480455e-01   6.1762559e-01   7.7397819e-01   9.8648851e-01   1.2882150e+00   1.4687410e+00
   1.8653164e-01   3.4334227e-01   4.8382668e-01   6.2991173e-01   7.8960573e-01   1.0031546e+00   1.3014162e+00   1.4808786e+00
   1.8836075e-01   3.4834036e-01   4.9271130e-01   6.4190983e-01   8.0456104e-01   1.0194367e+00   1.3140253e+00   1.4895825e+00
   1.9010095e-01   3.5322857e-01   5.0137596e-01   6.5374037e-01   8.1869501e-01   1.0350201e+00   1.3259102e+00   1.4949786e+00
   1.9142750e-01   3.5788780e-01   5.0962249e-01   6.6517236e-01   8.3237932e-01   1.0497654e+00   1.3368111e+00   1.4979515e+00
   1.9244576e-01   3.6227586e-01   5.1740953e-01   6.7599532e-01   8.4585193e-01   1.0637780e+00   1.3467315e+00   1.4994444e+00
   1.9356639e-01   3.6633861e-01   5.2487012e-01   6.8619973e-01   8.5891582e-01   1.0773347e+00   1.3557883e+00   1.4999672e+00
   1.9488727e-01   3.7013955e-01   5.3213129e-01   6.9605715e-01   8.7129685e-01   1.0904206e+00   1.3641700e+00   1.4997876e+00
   1.9603614e-01   3.7384971e-01   5.3912012e-01   7.0568311e-01   8.8286353e-01   1.1027366e+00   1.3718074e+00   1.4991939e+00
   1.9678607e-01   3.7735936e-01   5.4569220e-01   7.1491236e-01   8.9384895e-01   1.1141321e+00   1.3783854e+00   1.4983454e+00
   1.9718538e-01   3.8051559e-01   5.5176635e-01   7.2353672e-01   9.0461684e-01   1.1247127e+00   1.3838287e+00   1.4973905e+00
   1.9762965e-01   3.8333547e-01   5.5746919e-01   7.3152817e-01   9.1502883e-01   1.1347953e+00   1.3882455e+00   1.4962913e+00
   1.9827319e-01   3.8597939e-01   5.6302543e-01   7.3916168e-01   9.2461522e-01   1.1443509e+00   1.3918423e+00   1.4949047e+00
   1.9876857e-01   3.8854586e-01   5.6827968e-01   7.4653668e-01   9.3331545e-01   1.1530728e+00   1.3944800e+00   1.4932268e+00
   1.9888256e-01   3.9083059e-01   5.7306549e-01   7.5346327e-01   9.4142890e-01   1.1608596e+00   1.3958381e+00   1.4913388e+00
   1.9862428e-01   3.9277104e-01   5.7736712e-01   7.5976975e-01   9.4925243e-01   1.1678453e+00   1.3959294e+00   1.4893171e+00
   1.9842033e-01   3.9439743e-01   5.8129989e-01   7.6542635e-01   9.5670379e-01   1.1742544e+00   1.3949712e+00   1.4870366e+00
   1.9846075e-01   3.9578512e-01   5.8502650e-01   7.7062982e-01   9.6336609e-01   1.1801049e+00   1.3933136e+00   1.4843337e+00
   1.9831372e-01   3.9702330e-01   5.8839648e-01   7.7556003e-01   9.6909271e-01   1.1851292e+00   1.3909766e+00   1.4812263e+00
   1.9774340e-01   3.9805017e-01   5.9130738e-01   7.8005635e-01   9.7423059e-01   1.1890857e+00   1.3877912e+00   1.4777038e+00
   1.9686842e-01   3.9880076e-01   5.9375795e-01   7.8390165e-01   9.7906851e-01   1.1922062e+00   1.3838066e+00   1.4737435e+00
   1.9603531e-01   3.9918487e-01   5.9584438e-01   7.8711075e-01   9.8342117e-01   1.1947921e+00   1.3791453e+00   1.4692993e+00
   1.9544596e-01   3.9929649e-01   5.9770353e-01   7.8986405e-01   9.8694889e-01   1.1967384e+00   1.3739700e+00   1.4642291e+00
   1.9474137e-01   3.9929431e-01   5.9921844e-01   7.9234876e-01   9.8954062e-01   1.1977923e+00   1.3681694e+00   1.4584816e+00
   1.9358874e-01   3.9904456e-01   6.0023255e-01   7.9435818e-01   9.9158289e-01   1.1978042e+00   1.3614912e+00   1.4519560e+00
   1.9212971e-01   3.9849761e-01   6.0074964e-01   7.9568258e-01   9.9337630e-01   1.1969503e+00   1.3539077e+00   1.4445598e+00
   1.9076776e-01   3.9758392e-01   6.0094138e-01   7.9638068e-01   9.9463517e-01   1.1955813e+00   1.3454974e+00   1.4363565e+00
   1.8955766e-01   3.9638076e-01   6.0088552e-01   7.9664835e-01   9.9503844e-01   1.1936604e+00   1.3365070e+00   1.4274778e+00
   1.8820522e-01   3.9511602e-01   6.0045370e-01   7.9658761e-01   9.9452804e-01   1.1908964e+00   1.3268583e+00   1.4178172e+00
   1.8644553e-01   3.9365115e-01   5.9956780e-01   7.9601995e-01   9.9341864e-01   1.1872090e+00   1.3162777e+00   1.4070866e+00
   1.8433836e-01   3.9184117e-01   5.9820725e-01   7.9475547e-01   9.9204559e-01   1.1827839e+00   1.3047608e+00   1.3953113e+00
   1.8231712e-01   3.8969213e-01   5.9648940e-01   7.9288581e-01   9.9011856e-01   1.1778576e+00   1.2923595e+00   1.3824429e+00
   1.8052771e-01   3.8730585e-01   5.9452760e-01   7.9063016e-01   9.8730421e-01   1.1724083e+00   1.2793157e+00   1.3685898e+00
   1.7859589e-01   3.8477037e-01   5.9224749e-01   7.8806746e-01   9.8367139e-01   1.1661905e+00   1.2655931e+00   1.3539263e+00
   1.7621483e-01   3.8201049e-01   5.8953572e-01   7.8504056e-01   9.7945939e-01   1.1590810e+00   1.2509274e+00   1.3382806e+00
   1.7358638e-01   3.7895387e-01   5.8636032e-01   7.8130000e-01   9.7492131e-01   1.1512941e+00   1.2353452e+00   1.3217201e+00
   1.7104704e-01   3.7559717e-01   5.8280343e-01   7.7694698e-01   9.6991664e-01   1.1430098e+00   1.2189576e+00   1.3042599e+00
