   1.2468463e+01   1.8151851e+01   2.3544544e+01   2.8536784e+01   3.7451699e+01   4.3459053e+01   2.2596057e+01   4.7322924e+01
   1.1957986e+01   1.7373551e+01   2.2335399e+01   2.6600299e+01   3.3824264e+01   3.7594823e+01   1.6305071e+01   3.8910468e+01
   1.1859947e+01   1.6989033e+01   2.0639816e+01   2.4543363e+01   3.1145996e+01   3.2091129e+01   1.0359906e+01   2.9348850e+01
   1.0984359e+01   1.5483393e+01   1.8999827e+01   2.2838515e+01   2.7776087e+01   2.6675730e+01   4.4073818e+00   2.1231051e+01
   1.0416410e+01   1.4918199e+01   1.7999155e+01   2.1087340e+01   2.3530590e+01   2.2592107e+01   1.2655677e+00   1.5131652e+01
   9.5223097e+00   1.3528598e+01   1.6502560e+01   1.8211953e+01   2.1334088e+01   1.8042835e+01  -2.8003960e+00   9.2237800e+00
   8.9579025e+00   1.2686542e+01   1.5338639e+01   1.6493648e+01   1.8759530e+01   1.4002308e+01  -6.1305720e+00   4.1998789e+00
   8.3548594e+00   1.1801248e+01   1.4097286e+01   1.4861380e+01   1.6283429e+01   1.0193029e+01  -9.1693759e+00  -1.2218091e+00
   7.7741930e+00   1.0932940e+01   1.2997121e+01   1.3185872e+01   1.3731646e+01   6.5319583e+00  -1.1866774e+01  -5.2144109e+00
   7.2086590e+00   1.0041248e+01   1.1745840e+01   1.1540588e+01   1.1339634e+01   3.2419350e+00  -1.4512667e+01  -9.1628142e+00
   6.6349149e+00   9.1544096e+00   1.0542431e+01   9.8712578e+00   8.9658416e+00   1.3145451e-03  -1.6634680e+01  -1.1490604e+01
   6.0371842e+00   8.2479369e+00   9.3147551e+00   8.1075078e+00   6.5832900e+00  -2.9744223e+00  -1.8609534e+01  -1.4157250e+01
   5.4320483e+00   7.3249188e+00   8.0866381e+00   6.4050865e+00   4.2624043e+00  -5.5412712e+00  -2.0275358e+01  -1.6706032e+01
   4.8219220e+00   6.3756485e+00   6.8739635e+00   4.7628907e+00   2.0641501e+00  -8.1648809e+00  -2.1877904e+01  -1.8459241e+01
   4.2169471e+00   5.4614546e+00   5.6326100e+00   3.1712139e+00  -9.1358471e-02  -1.0467897e+01  -2.3058108e+01  -1.9803949e+01
   3.6121332e+00   4.5510110e+00   4.4682483e+00   1.5879202e+00  -2.0390945e+00  -1.2792987e+01  -2.4208880e+01  -2.1379024e+01
   3.0427355e+00   3.6394644e+00   3.3160199e+00   8.1176883e-02  -3.9773704e+00  -1.4586208e+01  -2.5125672e+01  -2.2806771e+01
   2.4604593e+00   2.7621119e+00   2.0918737e+00  -1.3792390e+00  -5.8616885e+00  -1.6224913e+01  -2.6049821e+01  -2.4037633e+01
   1.8913836e+00   1.8816708e+00   9.9634124e-01  -2.7293516e+00  -7.4229606e+00  -1.7773221e+01  -2.6779723e+01  -2.4959106e+01
   1.3224689e+00   1.0164516e+00  -1.6184357e-01  -4.0799054e+00  -8.9376329e+00  -1.9101844e+01  -2.7255042e+01  -2.5809593e+01
   7.3697300e-01   1.7108701e-01  -1.3070126e+00  -5.4609029e+00  -1.0328973e+01  -2.0406291e+01  -2.7405143e+01  -2.6279705e+01
   1.7272684e-01  -6.6832122e-01  -2.3123170e+00  -6.6305593e+00  -1.1676166e+01  -2.1505768e+01  -2.7508153e+01  -2.6796694e+01
  -4.0455896e-01  -1.4850070e+00  -3.3125475e+00  -7.8185261e+00  -1.2930159e+01  -2.2159569e+01  -2.7702401e+01  -2.7205196e+01
  -9.4980910e-01  -2.2869121e+00  -4.3021888e+00  -8.8578039e+00  -1.4132647e+01  -2.2844903e+01  -2.7622936e+01  -2.7620394e+01
  -1.4934494e+00  -3.0742571e+00  -5.2046905e+00  -9.8545047e+00  -1.5194634e+01  -2.3483987e+01  -2.7793639e+01  -2.7569499e+01
  -1.9868629e+00  -3.8543222e+00  -6.0937352e+00  -1.0811276e+01  -1.6132589e+01  -2.4083129e+01  -2.8059994e+01  -2.7762365e+01
  -2.5208443e+00  -4.6132090e+00  -6.9660138e+00  -1.1706497e+01  -1.7093668e+01  -2.4411080e+01  -2.8235112e+01  -2.7892282e+01
  -3.0501571e+00  -5.3387842e+00  -7.8142463e+00  -1.2526713e+01  -1.7904436e+01  -2.4752696e+01  -2.8488223e+01  -2.7805224e+01
  -3.5458244e+00  -6.0449461e+00  -8.5989441e+00  -1.3335016e+01  -1.8715205e+01  -2.5036500e+01  -2.8713374e+01  -2.7819957e+01
  -4.0554972e+00  -6.7118399e+00  -9.4242335e+00  -1.4058605e+01  -1.9381619e+01  -2.5433825e+01  -2.8542671e+01  -2.7999430e+01
  -4.5508426e+00  -7.3635119e+00  -1.0111423e+01  -1.4709616e+01  -1.9957986e+01  -2.5888963e+01  -2.8485279e+01  -2.8078452e+01
  -5.0228454e+00  -7.9953293e+00  -1.0800378e+01  -1.5364817e+01  -2.0471286e+01  -2.6117057e+01  -2.8445547e+01  -2.8205690e+01
  -5.5030583e+00  -8.6002327e+00  -1.1450285e+01  -1.5903097e+01  -2.0981782e+01  -2.5937314e+01  -2.8664812e+01  -2.8231138e+01
  -5.9626654e+00  -9.1554996e+00  -1.2116296e+01  -1.6436524e+01  -2.1374553e+01  -2.6016149e+01  -2.8592704e+01  -2.8505704e+01
  -6.4279069e+00  -9.7189290e+00  -1.2731568e+01  -1.6939949e+01  -2.1844757e+01  -2.6058194e+01  -2.8823742e+01  -2.8553921e+01
  -6.8944362e+00  -1.0258312e+01  -1.3260362e+01  -1.7419327e+01  -2.2154138e+01  -2.6195891e+01  -2.8970899e+01  -2.8887419e+01
  -7.3443843e+00  -1.0818653e+01  -1.3821806e+01  -1.7892969e+01  -2.2456512e+01  -2.6175920e+01  -2.9363810e+01  -2.8985192e+01
  -7.7883760e+00  -1.1298031e+01  -1.4343541e+01  -1.8302636e+01  -2.2771850e+01  -2.6264215e+01  -2.9352038e+01  -2.9095018e+01
  -8.2083813e+00  -1.1756231e+01  -1.4855789e+01  -1.8694433e+01  -2.2917956e+01  -2.6357765e+01  -2.9505081e+01  -2.9349495e+01
  -8.6534998e+00  -1.2232300e+01  -1.5393849e+01  -1.9027108e+01  -2.3180738e+01  -2.6421884e+01  -2.9712574e+01  -2.9488787e+01
  -9.0620752e+00  -1.2703516e+01  -1.5827782e+01  -1.9360886e+01  -2.3412336e+01  -2.6615291e+01  -3.0011304e+01  -2.9612007e+01
  -9.4498838e+00  -1.3148921e+01  -1.6173693e+01  -1.9641277e+01  -2.3674767e+01  -2.6786624e+01  -3.0020133e+01  -2.9741924e+01
  -9.8355996e+00  -1.3572486e+01  -1.6578065e+01  -1.9959392e+01  -2.3843998e+01  -2.6907504e+01  -3.0133444e+01  -2.9808892e+01
  -1.0198295e+01  -1.3976637e+01  -1.6941184e+01  -2.0189926e+01  -2.3945607e+01  -2.6975827e+01  -3.0433646e+01  -2.9866484e+01
  -1.0589484e+01  -1.4375494e+01  -1.7302758e+01  -2.0509585e+01  -2.3989053e+01  -2.7127189e+01  -3.0395385e+01  -2.9958899e+01
  -1.0958458e+01  -1.4779204e+01  -1.7686834e+01  -2.0721588e+01  -2.4034953e+01  -2.7239659e+01  -3.0415987e+01  -3.0045957e+01
  -1.1327592e+01  -1.5136807e+01  -1.8055468e+01  -2.0967785e+01  -2.4085056e+01  -2.7389970e+01  -3.0577860e+01  -3.0043278e+01
  -1.1649075e+01  -1.5447642e+01  -1.8320416e+01  -2.1202951e+01  -2.4006923e+01  -2.7537128e+01  -3.0526355e+01  -3.0279004e+01
  -1.1971847e+01  -1.5744579e+01  -1.8637208e+01  -2.1380099e+01  -2.4143919e+01  -2.7538179e+01  -3.0510168e+01  -3.0508033e+01
  -1.2312326e+01  -1.6058722e+01  -1.8860462e+01  -2.1560334e+01  -2.4217148e+01  -2.7621218e+01  -3.0920737e+01  -3.0939303e+01
  -1.2633971e+01  -1.6394045e+01  -1.9092540e+01  -2.1780720e+01  -2.4274259e+01  -2.7835648e+01  -3.1131173e+01  -3.1310303e+01
  -1.2949981e+01  -1.6697158e+01  -1.9316676e+01  -2.1953676e+01  -2.4344684e+01  -2.7942862e+01  -3.1516726e+01  -3.1630408e+01
  -1.3254883e+01  -1.6973358e+01  -1.9544563e+01  -2.2103688e+01  -2.4422117e+01  -2.7980703e+01  -3.1865489e+01  -3.2081769e+01
  -1.3545619e+01  -1.7255513e+01  -1.9791863e+01  -2.2297822e+01  -2.4572779e+01  -2.8206695e+01  -3.2093583e+01  -3.2760819e+01
  -1.3837320e+01  -1.7529507e+01  -2.0000115e+01  -2.2517767e+01  -2.4694359e+01  -2.8190928e+01  -3.2306962e+01  -3.3271111e+01
  -1.4107450e+01  -1.7771292e+01  -2.0172850e+01  -2.2634909e+01  -2.4778099e+01  -2.8258200e+01  -3.2524755e+01  -3.3837656e+01
  -1.4360516e+01  -1.8020577e+01  -2.0351321e+01  -2.2753596e+01  -2.4883912e+01  -2.8324421e+01  -3.2746963e+01  -3.4563584e+01
  -1.4618572e+01  -1.8221109e+01  -2.0550529e+01  -2.2838529e+01  -2.4962046e+01  -2.8470528e+01  -3.2769036e+01  -3.5257367e+01
  -1.4884033e+01  -1.8467747e+01  -2.0735397e+01  -2.2960083e+01  -2.5050340e+01  -2.8558822e+01  -3.3618136e+01  -3.6281970e+01
  -1.5151748e+01  -1.8729607e+01  -2.0877468e+01  -2.3053400e+01  -2.5195746e+01  -2.8611379e+01  -3.4177334e+01  -3.7456580e+01
  -1.5408195e+01  -1.8977569e+01  -2.1027260e+01  -2.3259667e+01  -2.5328188e+01  -2.8784814e+01  -3.5038206e+01  -3.5218526e+01
  -1.5652728e+01  -1.9170600e+01  -2.1192935e+01  -2.3366441e+01  -2.5502324e+01  -2.8866802e+01  -3.5941754e+01  -3.8937901e+01
  -1.5905311e+01  -1.9369807e+01  -2.1401188e+01  -2.3470347e+01  -2.5675760e+01  -2.9265179e+01  -3.7264700e+01  -3.8171792e+01
  -1.6140668e+01  -1.9571001e+01  -2.1657974e+01  -2.3611094e+01  -2.5814509e+01  -2.9523756e+01  -3.8169720e+01  -4.3107297e+01
  -1.6377475e+01  -1.9777489e+01  -2.1851226e+01  -2.3757576e+01  -2.6075538e+01  -2.9577363e+01  -3.9032063e+01  -4.4565849e+01
  -1.6599792e+01  -2.0014641e+01  -2.1956455e+01  -2.3872512e+01  -2.6355138e+01  -2.9910570e+01  -4.0290260e+01  -4.5523484e+01
  -1.6818730e+01  -2.0198627e+01  -2.2162943e+01  -2.4037085e+01  -2.6647701e+01  -3.0364656e+01  -4.1805984e+01  -4.8013335e+01
  -1.7018027e+01  -2.0420336e+01  -2.2321779e+01  -2.4114518e+01  -2.6989667e+01  -3.0880759e+01  -4.3349667e+01  -5.0267461e+01
  -1.7237930e+01  -2.0659694e+01  -2.2485690e+01  -2.4280635e+01  -2.7304655e+01  -3.1439958e+01  -4.4749135e+01  -5.4790446e+01
  -1.7465560e+01  -2.0914716e+01  -2.2638571e+01  -2.4454693e+01  -2.7535902e+01  -3.1682768e+01  -4.7038907e+01  -5.5527088e+01
  -1.7699952e+01  -2.1146794e+01  -2.2839102e+01  -2.4682359e+01  -2.7739821e+01  -3.2224098e+01  -4.9054966e+01  -6.1434960e+01
  -1.7913415e+01  -2.1387255e+01  -2.3061253e+01  -2.4881126e+01  -2.7997697e+01  -3.2707616e+01  -5.1013634e+01  -6.5015043e+01
  -1.8088082e+01  -2.1609185e+01  -2.3317157e+01  -2.5205418e+01  -2.8304976e+01  -3.3198491e+01  -5.3585948e+01  -7.0348334e+01
  -1.8310883e+01  -2.1833763e+01  -2.3570192e+01  -2.5401316e+01  -2.8666914e+01  -3.3838627e+01  -5.6654184e+01  -7.4046279e+01
  -1.8529015e+01  -2.2095623e+01  -2.3873085e+01  -2.5640675e+01  -2.8945813e+01  -3.4353678e+01  -5.9841617e+01  -8.2753393e+01
  -1.8714629e+01  -2.2350203e+01  -2.4107370e+01  -2.5825984e+01  -2.9319663e+01  -3.5046370e+01  -6.3217412e+01  -9.0090352e+01
  -1.8920044e+01  -2.2618461e+01  -2.4333712e+01  -2.6176528e+01  -2.9675995e+01  -3.6006048e+01  -6.7377557e+01  -9.9828765e+01
  -1.9092940e+01  -2.2861128e+01  -2.4617412e+01  -2.6527513e+01  -3.0102752e+01  -3.6932090e+01  -7.1595093e+01  -1.1214543e+02
  -1.9271470e+01  -2.3111958e+01  -2.4867801e+01  -2.6918428e+01  -3.0586620e+01  -3.8134578e+01  -7.6398317e+01  -1.2568492e+02
  -1.9457406e+01  -2.3360361e+01  -2.5124807e+01  -2.7280223e+01  -3.0991303e+01  -3.9278203e+01  -8.1258933e+01  -1.4264243e+02
  -1.9630462e+01  -2.3627516e+01  -2.5363945e+01  -2.7675771e+01  -3.1500399e+01  -4.0492253e+01  -8.6928915e+01  -1.6344521e+02
  -1.9807061e+01  -2.3888935e+01  -2.5688899e+01  -2.8011755e+01  -3.1995479e+01  -4.1837694e+01  -9.2987392e+01  -1.8756289e+02
  -1.9962571e+01  -2.4161163e+01  -2.5993777e+01  -2.8428040e+01  -3.2507377e+01  -4.3224129e+01  -1.0001270e+02  -2.1906172e+02
  -2.0110031e+01  -2.4453688e+01  -2.6284537e+01  -2.8887784e+01  -3.3016823e+01  -4.4645251e+01  -1.0730583e+02  -2.5642424e+02
  -2.0274073e+01  -2.4714665e+01  -2.6607725e+01  -2.9297009e+01  -3.3693748e+01  -4.6076884e+01  -1.1544806e+02  -3.0678113e+02
  -2.0440369e+01  -2.4989541e+01  -2.6938415e+01  -2.9743076e+01  -3.4373476e+01  -4.7849082e+01  -1.2423631e+02  -3.6748049e+02
  -2.0592981e+01  -2.5244342e+01  -2.7341684e+01  -3.0246280e+01  -3.5134491e+01  -4.9523526e+01  -1.3386777e+02  -4.4618340e+02
  -2.0738832e+01  -2.5511496e+01  -2.7650312e+01  -3.0745733e+01  -3.5832789e+01  -5.1402939e+01  -1.4390687e+02  -5.5846251e+02
  -2.0881302e+01  -2.5760120e+01  -2.8033065e+01  -3.1335856e+01  -3.6503057e+01  -5.3462094e+01  -1.5484215e+02  -7.1837299e+02
  -2.1030212e+01  -2.6020877e+01  -2.8511561e+01  -3.1898403e+01  -3.7394412e+01  -5.5712554e+01  -1.6660299e+02  -9.5680973e+02
  -2.1141773e+01  -2.6251191e+01  -2.8906888e+01  -3.2443522e+01  -3.8263342e+01  -5.8155371e+01  -1.7915112e+02  -1.2493015e+03
  -2.1241743e+01  -2.6496064e+01  -2.9319643e+01  -3.3003201e+01  -3.9276628e+01  -6.0655999e+01  -1.9270875e+02  -1.5339999e+03
  -2.1308873e+01  -2.6707846e+01  -2.9722470e+01  -3.3567513e+01  -4.0202670e+01  -6.2951658e+01  -2.0695802e+02  -1.7493655e+03
  -2.1408844e+01  -2.6929115e+01  -3.0128166e+01  -3.4099395e+01  -4.1162698e+01  -6.5616262e+01  -2.2202255e+02  -1.8767904e+03
  -2.1495292e+01  -2.7174650e+01  -3.0544009e+01  -3.4710696e+01  -4.2161618e+01  -6.8323962e+01  -2.3771691e+02  -1.9325840e+03
  -2.1556627e+01  -2.7374078e+01  -3.0925218e+01  -3.5317365e+01  -4.3244628e+01  -7.1178820e+01  -2.5384245e+02  -1.9304919e+03
  -2.1630840e+01  -2.7579242e+01  -3.1330252e+01  -3.5971463e+01  -4.4292951e+01  -7.4112512e+01  -2.6955153e+02  -1.8881053e+03
  -2.1672696e+01  -2.7778009e+01  -3.1777421e+01  -3.6517906e+01  -4.5385421e+01  -7.6893791e+01  -2.8609647e+02  -1.8259177e+03
  -2.1720830e+01  -2.7966187e+01  -3.2121347e+01  -3.7084203e+01  -4.6458971e+01  -7.9799103e+01  -3.0122428e+02  -1.7503084e+03
  -2.1742079e+01  -2.8162968e+01  -3.2505423e+01  -3.7587186e+01  -4.7516053e+01  -8.2753818e+01  -3.1431395e+02  -1.6653437e+03
  -2.1720991e+01  -2.8335703e+01  -3.2860820e+01  -3.8116642e+01  -4.8613779e+01  -8.5842026e+01  -3.2757286e+02  -1.5743975e+03
  -2.1687989e+01  -2.8474685e+01  -3.3223056e+01  -3.8578813e+01  -4.9565398e+01  -8.8972279e+01  -3.3740299e+02  -1.4787515e+03
  -2.1608946e+01  -2.8571090e+01  -3.3519993e+01  -3.9084664e+01  -5.0644554e+01  -9.1756712e+01  -3.4271539e+02  -1.3799822e+03
  -2.1512678e+01  -2.8632860e+01  -3.3896569e+01  -3.9630445e+01  -5.1614042e+01  -9.4342481e+01  -3.4477559e+02  -1.2829515e+03
  -2.1412064e+01  -2.8658891e+01  -3.4190196e+01  -4.0099234e+01  -5.2595794e+01  -9.6780042e+01  -3.4128060e+02  -1.1814566e+03
  -2.1265730e+01  -2.8689556e+01  -3.4407935e+01  -4.0557434e+01  -5.3494857e+01  -9.9273313e+01  -3.2874276e+02  -1.0831147e+03
  -2.1107805e+01  -2.8677864e+01  -3.4613540e+01  -4.0927171e+01  -5.4321392e+01  -1.0161522e+02  -3.1083367e+02  -9.8184088e+02
  -2.0928953e+01  -2.8614108e+01  -3.4774583e+01  -4.1278156e+01  -5.5001120e+01  -1.0340949e+02  -2.8783293e+02  -8.8559103e+02
  -2.0687639e+01  -2.8506673e+01  -3.4915771e+01  -4.1559209e+01  -5.5670687e+01  -1.0471709e+02  -2.6490429e+02  -7.9265610e+02
  -2.0443428e+01  -2.8357984e+01  -3.4942023e+01  -4.1725105e+01  -5.6175228e+01  -1.0588279e+02  -2.4219934e+02  -7.0070829e+02
  -2.0152209e+01  -2.8171130e+01  -3.4931655e+01  -4.1817319e+01  -5.6473047e+01  -1.0672580e+02  -2.1972984e+02  -6.1623006e+02
  -1.9858576e+01  -2.7959127e+01  -3.4860399e+01  -4.1854381e+01  -5.6584817e+01  -1.0705375e+02  -1.9801526e+02  -5.3571498e+02
  -1.9526306e+01  -2.7645425e+01  -3.4694503e+01  -4.1767903e+01  -5.6517194e+01  -1.0644514e+02  -1.7763981e+02  -4.6153504e+02
  -1.9179548e+01  -2.7315176e+01  -3.4466175e+01  -4.1582373e+01  -5.6308721e+01  -1.0494624e+02  -1.5823708e+02  -3.9650421e+02
  -1.8821200e+01  -2.6944116e+01  -3.4158208e+01  -4.1228740e+01  -5.5841671e+01  -1.0252339e+02  -1.4029268e+02  -3.4001845e+02
  -1.8402804e+01  -2.6504447e+01  -3.3766852e+01  -4.0805396e+01  -5.5166147e+01  -9.9520327e+01  -1.2376394e+02  -2.8756949e+02
  -1.7952051e+01  -2.6015583e+01  -3.3205187e+01  -4.0210420e+01  -5.4220835e+01  -9.5611189e+01  -1.0889219e+02  -2.4086635e+02
  -1.7473287e+01  -2.5489877e+01  -3.2629183e+01  -3.9445798e+01  -5.3126262e+01  -9.0980980e+01  -9.5155025e+01  -2.0300292e+02
  -1.6968766e+01  -2.4848574e+01  -3.1981262e+01  -3.8637054e+01  -5.1764704e+01  -8.5660181e+01  -8.2584823e+01  -1.7145988e+02
  -1.6467303e+01  -2.4184548e+01  -3.1273556e+01  -3.7652265e+01  -5.0182059e+01  -8.0000919e+01  -7.1152150e+01  -1.4461663e+02
  -1.5938956e+01  -2.3438897e+01  -3.0450252e+01  -3.6568204e+01  -4.8451905e+01  -7.4058905e+01  -6.0982089e+01  -1.2122086e+02
  -1.5368432e+01  -2.2653758e+01  -2.9543558e+01  -3.5345602e+01  -4.6482446e+01  -6.8290326e+01  -5.1519856e+01  -1.0172930e+02
  -1.4785672e+01  -2.1803319e+01  -2.8537813e+01  -3.4060789e+01  -4.4449218e+01  -6.2154905e+01  -4.2840501e+01  -8.3961487e+01
  -1.4216114e+01  -2.0924643e+01  -2.7417572e+01  -3.2617360e+01  -4.2146902e+01  -5.6044710e+01  -3.5049979e+01  -7.0304135e+01
  -1.3635930e+01  -2.0008684e+01  -2.6200044e+01  -3.1023036e+01  -3.9757693e+01  -4.9733751e+01  -2.8229225e+01  -5.7737015e+01
  -1.3018560e+01  -1.9060958e+01  -2.4967294e+01  -2.9347528e+01  -3.7191895e+01  -4.4115483e+01  -2.2010346e+01  -4.6510585e+01
  -1.2395233e+01  -1.8094260e+01  -2.3679613e+01  -2.7568998e+01  -3.4505568e+01  -3.8417331e+01  -1.6096083e+01  -3.6551179e+01
  -1.1753554e+01  -1.7085867e+01  -2.2334795e+01  -2.5681487e+01  -3.1621278e+01  -3.3150139e+01  -1.0649781e+01  -2.7136889e+01
  -1.1102376e+01  -1.6047913e+01  -2.0890925e+01  -2.3720956e+01  -2.8758362e+01  -2.7953374e+01  -5.7023434e+00  -2.2599172e+01
  -1.0489352e+01  -1.5010400e+01  -1.9390138e+01  -2.1741452e+01  -2.5849196e+01  -2.3101377e+01  -1.0109601e+00  -1.3420607e+01
  -9.8647375e+00  -1.3973769e+01  -1.7905897e+01  -1.9678780e+01  -2.2887124e+01  -1.8412305e+01   3.4052387e+00  -9.3838069e+00
  -9.2037404e+00  -1.2901180e+01  -1.6355253e+01  -1.7613682e+01  -1.9912788e+01  -1.4420130e+01   7.0694622e+00  -3.0044837e+00
  -8.5251961e+00  -1.1803882e+01  -1.4851377e+01  -1.5549245e+01  -1.7002571e+01  -1.0195656e+01   1.0339303e+01   1.1207137e+00
  -7.8506765e+00  -1.0705041e+01  -1.3313528e+01  -1.3470248e+01  -1.4184152e+01  -6.3727115e+00   1.3304529e+01   5.8352250e+00
  -7.1793765e+00  -9.5947275e+00  -1.1785827e+01  -1.1388162e+01  -1.1403574e+01  -2.8987412e+00   1.5741458e+01   8.9291230e+00
  -6.5156427e+00  -8.5166228e+00  -1.0258568e+01  -9.4013788e+00  -8.7463282e+00   3.5239053e-01   1.7935577e+01   1.2685999e+01
  -5.8276004e+00  -7.4133690e+00  -8.6933637e+00  -7.3625323e+00  -6.1899903e+00   3.0338121e+00   2.0009027e+01   1.6045088e+01
  -5.1678912e+00  -6.3173953e+00  -7.2234617e+00  -5.4183260e+00  -3.8477317e+00   5.6374504e+00   2.1376121e+01   1.7783565e+01
  -4.5207387e+00  -5.2225246e+00  -5.7178215e+00  -3.5312568e+00  -1.5187874e+00   8.0508350e+00   2.2735857e+01   2.0361813e+01
  -3.8898455e+00  -4.1799376e+00  -4.2362274e+00  -1.6938241e+00   6.6545198e-01   1.0270812e+01   2.4092650e+01   2.2925328e+01
  -3.2397953e+00  -3.1417628e+00  -2.8122116e+00   7.3014415e-02   2.7498344e+00   1.2019885e+01   2.4906431e+01   2.2265029e+01
  -2.5820179e+00  -2.1563130e+00  -1.4215074e+00   1.7597727e+00   4.7203448e+00   1.3992848e+01   2.5584827e+01   2.3706169e+01
  -1.9636814e+00  -1.1620389e+00  -3.6318447e-02   3.3371101e+00   6.5671727e+00   1.5821807e+01   2.6488375e+01   2.4875421e+01
  -1.3524281e+00  -1.8695755e-01   1.2692316e+00   4.8531189e+00   8.2570326e+00   1.7714884e+01   2.7012256e+01   2.5750017e+01
  -7.1155395e-01   7.7400492e-01   2.4671255e+00   6.2888269e+00   9.9044969e+00   1.9121290e+01   2.7353661e+01   2.6419692e+01
  -1.0078364e-01   1.7062885e+00   3.6870802e+00   7.6546026e+00   1.1457360e+01   2.0615991e+01   2.7553796e+01   2.6963468e+01
   4.8181461e-01   2.6103345e+00   4.8843123e+00   8.9297089e+00   1.2870423e+01   2.1770127e+01   2.7793663e+01   2.7481796e+01
   1.0668276e+00   3.5318084e+00   6.0921336e+00   1.0138413e+01   1.4197294e+01   2.3043040e+01   2.8061489e+01   2.7844760e+01
   1.6689048e+00   4.4182058e+00   7.1885485e+00   1.1233504e+01   1.5323751e+01   2.3953315e+01   2.8513263e+01   2.8278709e+01
   2.2387854e+00   5.2382007e+00   8.1814989e+00   1.2244765e+01   1.6431287e+01   2.4750068e+01   2.8694267e+01   2.8606850e+01
   2.8258912e+00   6.0385615e+00   9.1400347e+00   1.3279189e+01   1.7482413e+01   2.5266171e+01   2.9287312e+01   2.8917579e+01
   3.4070405e+00   6.8439963e+00   1.0072318e+01   1.4178602e+01   1.8322963e+01   2.5895795e+01   2.9324101e+01   2.9197503e+01
   3.9579251e+00   7.6249438e+00   1.0998866e+01   1.5061249e+01   1.9054546e+01   2.6164883e+01   2.9116609e+01   2.9342153e+01
   4.4907795e+00   8.3337529e+00   1.1855482e+01   1.5862052e+01   1.9704142e+01   2.6641043e+01   2.9147512e+01   2.9431890e+01
   5.0031891e+00   9.0099122e+00   1.2629149e+01   1.6609467e+01   2.0355840e+01   2.6905927e+01   2.9101893e+01   2.9549752e+01
   5.4917731e+00   9.6549660e+00   1.3337517e+01   1.7271948e+01   2.0961989e+01   2.6940614e+01   2.8837010e+01   2.9520287e+01
   5.9991922e+00   1.0320977e+01   1.4097286e+01   1.7922297e+01   2.1513480e+01   2.7097232e+01   2.9082763e+01   2.9612702e+01
   6.4967913e+00   1.0947280e+01   1.4771901e+01   1.8460577e+01   2.2033787e+01   2.7334786e+01   2.9438884e+01   2.9615381e+01
   6.9749115e+00   1.1517107e+01   1.5412101e+01   1.9000181e+01   2.2555496e+01   2.7496659e+01   2.9694939e+01   2.9762709e+01
   7.4387041e+00   1.2070609e+01   1.6009284e+01   1.9493016e+01   2.3074402e+01   2.7432541e+01   2.9862698e+01   2.9806908e+01
   7.9119947e+00   1.2595873e+01   1.6561903e+01   2.0004603e+01   2.3499757e+01   2.7516631e+01   3.0134940e+01   3.0042633e+01
   8.3506740e+00   1.3106357e+01   1.7091580e+01   2.0331542e+01   2.3808087e+01   2.7448308e+01   3.0321830e+01   3.0179247e+01
   8.7851677e+00   1.3607575e+01   1.7572061e+01   2.0737899e+01   2.4055102e+01   2.7631204e+01   3.0573469e+01   3.0001113e+01
   9.2019532e+00   1.4092468e+01   1.8041953e+01   2.1101238e+01   2.4304569e+01   2.7564983e+01   3.0092264e+01   3.0045312e+01
   9.6137483e+00   1.4512283e+01   1.8459561e+01   2.1462151e+01   2.4595030e+01   2.7610181e+01   3.0230592e+01   3.0165853e+01
   9.9901270e+00   1.4938053e+01   1.8856433e+01   2.1743424e+01   2.4792291e+01   2.7402058e+01   3.0420425e+01   3.0523460e+01
   1.0373106e+01   1.5324336e+01   1.9247789e+01   2.2044773e+01   2.4883389e+01   2.7693220e+01   3.0367448e+01   3.0973481e+01
   1.0765905e+01   1.5678189e+01   1.9534577e+01   2.2323178e+01   2.5025992e+01   2.7758390e+01   3.0585242e+01   3.1098041e+01
   1.1115239e+01   1.6016158e+01   1.9769965e+01   2.2577538e+01   2.5124797e+01   2.7928672e+01   3.1128253e+01   3.1375286e+01
   1.1423360e+01   1.6337141e+01   2.0100213e+01   2.2786893e+01   2.5245677e+01   2.7946541e+01   3.1351932e+01   3.1542705e+01
   1.1760137e+01   1.6663197e+01   2.0375309e+01   2.3030002e+01   2.5394586e+01   2.8047449e+01   3.1435812e+01   3.1774412e+01
   1.2059566e+01   1.6993666e+01   2.0597239e+01   2.3204502e+01   2.5489538e+01   2.8113670e+01   3.1650663e+01   3.1973975e+01
   1.2382981e+01   1.7292588e+01   2.0837480e+01   2.3358044e+01   2.5606213e+01   2.8399576e+01   3.1285712e+01   3.2074427e+01
   1.2686113e+01   1.7543197e+01   2.1045071e+01   2.3524602e+01   2.5799970e+01   2.8432161e+01   3.1419625e+01   3.2335600e+01
   1.2967672e+01   1.7819617e+01   2.1230822e+01   2.3672850e+01   2.5979363e+01   2.8430059e+01   3.1793405e+01   3.2586058e+01
   1.3267101e+01   1.8080595e+01   2.1478783e+01   2.3833672e+01   2.6184683e+01   2.8548836e+01   3.2193674e+01   3.2957058e+01
   1.3570555e+01   1.8333631e+01   2.1705346e+01   2.3992509e+01   2.6227779e+01   2.8533069e+01   3.2540966e+01   3.3249036e+01
   1.3845997e+01   1.8560855e+01   2.1881611e+01   2.4134359e+01   2.6316073e+01   2.8668664e+01   3.2986853e+01   3.3507531e+01
   1.4078135e+01   1.8759401e+01   2.2047066e+01   2.4267384e+01   2.6467435e+01   2.8981900e+01   3.3435684e+01   3.4145061e+01
   1.4343757e+01   1.8998539e+01   2.2156708e+01   2.4407911e+01   2.6609337e+01   2.9167949e+01   3.3510734e+01   3.4686159e+01
   1.4591027e+01   1.9221572e+01   2.2314000e+01   2.4566968e+01   2.6644375e+01   2.9468571e+01   3.3475416e+01   3.5343779e+01
   1.4824131e+01   1.9434899e+01   2.2441511e+01   2.4642195e+01   2.6720406e+01   2.9635700e+01   3.3626988e+01   3.6139353e+01
   1.5081060e+01   1.9629695e+01   2.2613143e+01   2.4840520e+01   2.6811153e+01   2.9818596e+01   3.4214147e+01   3.6997876e+01
   1.5306275e+01   1.9852948e+01   2.2753669e+01   2.4939352e+01   2.6955158e+01   3.0203308e+01   3.4317157e+01   3.7999710e+01
   1.5512012e+01   2.0028110e+01   2.2881841e+01   2.5075246e+01   2.7036795e+01   3.0500776e+01   3.4926390e+01   3.8976096e+01
   1.5700523e+01   2.0209890e+01   2.3061415e+01   2.5155547e+01   2.7149616e+01   3.0492367e+01   3.6022714e+01   4.0340893e+01
   1.5924129e+01   2.0371815e+01   2.3226870e+01   2.5314825e+01   2.7331110e+01   3.0624809e+01   3.6967465e+01   4.1668189e+01
   1.6114411e+01   2.0548521e+01   2.3345777e+01   2.5456675e+01   2.7553248e+01   3.0770916e+01   3.7703253e+01   4.3310232e+01
   1.6313547e+01   2.0750376e+01   2.3519615e+01   2.5580656e+01   2.7660813e+01   3.1091509e+01   3.9039444e+01   4.5229520e+01
   1.6539085e+01   2.0938112e+01   2.3711102e+01   2.5678605e+01   2.7890309e+01   3.1283865e+01   4.0187273e+01   4.7144790e+01
   1.6759310e+01   2.1085036e+01   2.3777063e+01   2.5746773e+01   2.8038518e+01   3.1387926e+01   4.1204131e+01   4.9397576e+01
   1.6953778e+01   2.1231740e+01   2.3959946e+01   2.5889946e+01   2.8201092e+01   3.1552953e+01   4.2630088e+01   5.1962431e+01
   1.7148406e+01   2.1346014e+01   2.4144594e+01   2.6038194e+01   2.8386441e+01   3.1769485e+01   4.4144339e+01   5.4898286e+01
   1.7294579e+01   2.1496468e+01   2.4313137e+01   2.6214459e+01   2.8532547e+01   3.2202549e+01   4.6334044e+01   5.8187729e+01
   1.7445259e+01   2.1686189e+01   2.4450354e+01   2.6401312e+01   2.8693019e+01   3.2526295e+01   4.8208831e+01   6.2065146e+01
   1.7629746e+01   2.1833113e+01   2.4588234e+01   2.6616404e+01   2.8949143e+01   3.2980382e+01   5.0427967e+01   6.3396460e+01
   1.7805379e+01   2.1952241e+01   2.4699861e+01   2.6777447e+01   2.9201063e+01   3.3635233e+01   5.2851652e+01   6.8390895e+01
   1.7972962e+01   2.2120784e+01   2.4838402e+01   2.6934077e+01   2.9547584e+01   3.4378379e+01   5.5551994e+01   7.4033575e+01
   1.8143766e+01   2.2255796e+01   2.5006283e+01   2.7134388e+01   2.9862571e+01   3.4871357e+01   5.7647517e+01   7.9072209e+01
   1.8322940e+01   2.2435370e+01   2.5149898e+01   2.7308447e+01   3.0065789e+01   3.5787938e+01   6.0936489e+01   8.6306037e+01
   1.8460581e+01   2.2527804e+01   2.5336752e+01   2.7453165e+01   3.0404602e+01   3.6357648e+01   6.4543321e+01   9.5101546e+01
   1.8619954e+01   2.2637225e+01   2.5410876e+01   2.7620605e+01   3.0754276e+01   3.7185935e+01   6.8223731e+01   1.0416225e+02
   1.8768702e+01   2.2772015e+01   2.5594420e+01   2.7788266e+01   3.1061205e+01   3.7878627e+01   7.2316183e+01   1.1590433e+02
   1.8928720e+01   2.2917836e+01   2.5738697e+01   2.7990562e+01   3.1445917e+01   3.8831998e+01   7.7219473e+01   1.2981213e+02
   1.9061692e+01   2.3026154e+01   2.5894004e+01   2.8206536e+01   3.1903507e+01   3.9996645e+01   8.2427379e+01   1.4662231e+02
   1.9213821e+01   2.3147488e+01   2.5983570e+01   2.8443247e+01   3.2468662e+01   4.1330524e+01   8.7682375e+01   1.6640852e+02
   1.9367882e+01   2.3269263e+01   2.6088359e+01   2.8765112e+01   3.2960589e+01   4.2277588e+01   9.3827674e+01   1.9164589e+02
   1.9493127e+01   2.3400523e+01   2.6265285e+01   2.9062931e+01   3.3463027e+01   4.3716579e+01   1.0038649e+02   2.2199555e+02
   1.9652017e+01   2.3514136e+01   2.6382427e+01   2.9337145e+01   3.3985086e+01   4.5210228e+01   1.0736470e+02   2.6009468e+02
   1.9770823e+01   2.3635690e+01   2.6530454e+01   2.9680630e+01   3.4611907e+01   4.6814246e+01   1.1496391e+02   3.0594330e+02
   1.9871276e+01   2.3751729e+01   2.6661274e+01   2.9964109e+01   3.5181618e+01   4.8133408e+01   1.2374333e+02   3.6316566e+02
   1.9997165e+01   2.3890270e+01   2.6865335e+01   3.0337596e+01   3.5852236e+01   4.9897197e+01   1.3299366e+02   4.4238417e+02
   2.0110175e+01   2.4047121e+01   2.7010274e+01   3.0648651e+01   3.6473101e+01   5.1660986e+01   1.4303422e+02   5.5346980e+02
   2.0236225e+01   2.4199561e+01   2.7133151e+01   3.0989930e+01   3.7188567e+01   5.3793720e+01   1.5398421e+02   7.1498596e+02
   2.0367105e+01   2.4305672e+01   2.7233307e+01   3.1325473e+01   3.7961495e+01   5.5905431e+01   1.6572591e+02   9.4530450e+02
   2.0490901e+01   2.4390385e+01   2.7424573e+01   3.1606967e+01   3.8678012e+01   5.8256799e+01   1.7792380e+02   1.2336852e+03
   2.0592964e+01   2.4507748e+01   2.7585395e+01   3.1876548e+01   3.9378762e+01   6.0653365e+01   1.9094135e+02   1.5176903e+03
   2.0662831e+01   2.4669012e+01   2.7757027e+01   3.2158924e+01   4.0178319e+01   6.3396803e+01   2.0512734e+02   1.7341012e+03
   2.0723521e+01   2.4774461e+01   2.7943440e+01   3.2478142e+01   4.1008007e+01   6.5712432e+01   2.1972243e+02   1.8608038e+03
   2.0775680e+01   2.4922930e+01   2.8032565e+01   3.2831113e+01   4.1802658e+01   6.8408570e+01   2.3513571e+02   1.9193080e+03
   2.0812545e+01   2.4993524e+01   2.8188313e+01   3.3146580e+01   4.2685253e+01   7.1052150e+01   2.4994712e+02   1.9207076e+03
   2.0858103e+01   2.5116181e+01   2.8324427e+01   3.3497565e+01   4.3493919e+01   7.3529653e+01   2.6688495e+02   1.8821664e+03
   2.0895612e+01   2.5220087e+01   2.8528047e+01   3.3797811e+01   4.4362500e+01   7.6159569e+01   2.8118866e+02   1.8217028e+03
   2.0934087e+01   2.5313845e+01   2.8721299e+01   3.4220493e+01   4.5274877e+01   7.8898802e+01   2.9734656e+02   1.7457254e+03
   2.0922657e+01   2.5384880e+01   2.8886754e+01   3.4521180e+01   4.6163779e+01   8.1750506e+01   3.1037736e+02   1.6615419e+03
   2.0879997e+01   2.5470034e+01   2.9004558e+01   3.4801792e+01   4.6952123e+01   8.4711526e+01   3.1939076e+02   1.5704634e+03
   2.0832346e+01   2.5538863e+01   2.9152585e+01   3.5084609e+01   4.7703327e+01   8.7137524e+01   3.3193594e+02   1.4753039e+03
   2.0775036e+01   2.5589603e+01   2.9317819e+01   3.5374266e+01   4.8468547e+01   8.9661277e+01   3.3819014e+02   1.3790542e+03
   2.0682632e+01   2.5629974e+01   2.9419077e+01   3.5635905e+01   4.9146523e+01   9.2343749e+01   3.4183965e+02   1.2795191e+03
   2.0553201e+01   2.5654461e+01   2.9543279e+01   3.5885411e+01   4.9868296e+01   9.4621538e+01   3.3678478e+02   1.1788054e+03
   2.0410892e+01   2.5639239e+01   2.9656450e+01   3.6091899e+01   5.0549425e+01   9.6566120e+01   3.2027371e+02   1.0788135e+03
   2.0241538e+01   2.5576367e+01   2.9689541e+01   3.6293975e+01   5.1144012e+01   9.8260535e+01   3.0551381e+02   9.8070753e+02
   2.0049646e+01   2.5508420e+01   2.9730574e+01   3.6482373e+01   5.1718277e+01   9.9900290e+01   2.8653784e+02   8.8454625e+02
   1.9850992e+01   2.5389072e+01   2.9698586e+01   3.6655770e+01   5.2162553e+01   1.0131721e+02   2.6400066e+02   7.9103690e+02
   1.9589878e+01   2.5271929e+01   2.9706969e+01   3.6739159e+01   5.2382939e+01   1.0256069e+02   2.4119860e+02   6.9795480e+02
   1.9307674e+01   2.5111769e+01   2.9682261e+01   3.6735409e+01   5.2607529e+01   1.0321449e+02   2.1929714e+02   6.1412492e+02
   1.8993918e+01   2.4914767e+01   2.9600857e+01   3.6707392e+01   5.2710189e+01   1.0315247e+02   1.9776947e+02   5.3595245e+02
   1.8685313e+01   2.4698793e+01   2.9507761e+01   3.6577896e+01   5.2595967e+01   1.0261640e+02   1.7724099e+02   4.6361419e+02
   1.8342258e+01   2.4406931e+01   2.9264653e+01   3.6432295e+01   5.2279928e+01   1.0133823e+02   1.5829887e+02   3.9792044e+02
   1.7951873e+01   2.4082419e+01   2.9033457e+01   3.6142198e+01   5.1712321e+01   9.9162400e+01   1.4042364e+02   3.3694120e+02
   1.7548772e+01   2.3686650e+01   2.8768950e+01   3.5753268e+01   5.1090755e+01   9.6363253e+01   1.2410534e+02   2.8606869e+02
   1.7156455e+01   2.3333680e+01   2.8462086e+01   3.5411990e+01   5.0426794e+01   9.2525594e+01   1.0921741e+02   2.4352023e+02
   1.6742890e+01   2.2942544e+01   2.8109115e+01   3.4946951e+01   4.9561017e+01   8.8060413e+01   9.5539116e+01   2.0689438e+02
   1.6320631e+01   2.2525818e+01   2.7656210e+01   3.4372932e+01   4.8495175e+01   8.3426000e+01   8.2990992e+01   1.7392227e+02
   1.5842671e+01   2.2024600e+01   2.7065867e+01   3.3628164e+01   4.7269212e+01   7.8065260e+01   7.1559793e+01   1.4657811e+02
   1.5409627e+01   2.2029453e+01   2.7871522e+01   3.5096743e+01   5.0430998e+01   7.2493243e+01   6.0209531e+01   1.2290243e+02
   1.4882246e+01   2.1209459e+01   2.7941013e+01   3.4336974e+01   4.8319287e+01   6.7754769e+01   5.1181414e+01   1.0386759e+02
   1.5068181e+01   2.1061211e+01   2.6805992e+01   3.2168852e+01   4.5118609e+01   5.9948060e+01   4.3256980e+01   8.4744355e+01
   1.3966090e+01   2.0130030e+01   2.4767587e+01   3.1399817e+01   4.3043687e+01   5.4054399e+01   3.5295755e+01   7.1823648e+01
   1.3029651e+01   1.9402690e+01   2.4813914e+01   2.9134408e+01   3.8584812e+01   4.8602210e+01   2.7327173e+01   5.8298895e+01
   1.2468463e+01   1.8151851e+01   2.3544544e+01   2.8536784e+01   3.7451699e+01   4.3459053e+01   2.2596057e+01   4.7322924e+01
